10858
74710
16407
42734
53383
50846
66177
24346
52683
91440
85663
89034
38286
66146
37073
88816
89877
17352
93334
57894
98540
12059
99338
15157
42286
35145
77260
52836
27089
34746
50077
68443
96975
56458
86996
19139
63486
75559
74159
69709
20929
47465
75604
39739
18344
53832
19302
35119
14979
87039
33603
42846
76068
97996
55930
89600
76305
41760
79690
22182
54601
86697
52037
33497
17486
57433
56835
68747
68880
59139
42435
39948
96747
77986
32957
26332
72342
62998
11330
51847
37709
58812
77525
68098
15769
40024
59443
64273
29034
18642
42413
45314
76054
44762
88086
11417
77660
50457
45176
16505